183559
602910
733766
597478
694946
733074
702422
729946
728750
730174
739115
21815
714185
703849
698888
727836
721949
727826
713975
714886
728007
709731
738809
737835
725830
743025
741891
687915
742889
726212
706590
700858
730465
727838
743031
726189
738488
733078
730391
721455
734918
740132
733770
730811
737020
734399
737378
744375
703846
20853
702608
642653
683496
677452
602287
730656
698918
703852
695321
738487
654138
616239
738174
400739
741449
711422
676695
740034
710750
686312
703850
723046
710758
732953
733458
719508
725831
626906
731063
733080
730148
733765
732988
733006
738145
731019
739114
721433
720810
738144
737019
738483
735247
726214
744381
651673
626907
662774
667573
670143
710747
701535
603159
721457
728126
728015
671421
733079
710760
717481
738143
718020
725829
730425
316909
731297
735979
742105
733034
736744
731978
670140
741150
602916
722386
732955
736281
714834
727268
732259
737836
731939
740481
697254
733137
734041
739113
740423
735254
737009
735982
736699
570503
715772
736989
731130
570506
637931
699415
131385
739503
670144
727798
710761
741825
743270
728619
740487
729964
729040
730389
742351
160469
738194
733033
726842
670145
737032
731930
729086
721459
715935
742048
724482
738173
733077
733076
739439
738843
718017
732255
736928
736274
733638
730202
736875
641253
318995
727189
701081
552960
670149
655749
735661
725586
710754
723790
524520
729044
708452
644112
734040
741467
735243
718019
729571
729963
685460
709732
740377
729938
700844
730466
729767
737831
742349
726211
737839
732036
740386
743423
739350
727784
724431
729089
733395
742352
738177
729036
733746
650305
597447
737018
727188
703843
721948
64997
703630
730694
715159
737377
739292
733280
706770
724274
730204
732021
703839
724815
729047
741894
725552
739411
716776
710769
739127
736227
742782
726467
742826
739112
721462
729563
740482
729003
742888
729038
732256
721919
729084
734011
733277
735078
740135
736277
670152
710751
655746
729326
557676
624632
724854
718021
690503
22897
727476
730259
695796
721463
734008
728900
733047
728128
741458
743838
729037
733728
732224
730657
728751
703841
703844
736641
697535
726454
737021
733768
737628
721109
729883
733274
729043
703856
738547
734012
723414
730258
713055
744313
733284
703833
635174
739166
722542
727191
740079
678494
710768
702672
568986
716164
700843
718016
720120
713289
724965
732071
730607
726091
724817
726210
720128
726095
710639
720190
646358
729255
119874
733771
733081
648419
733282
734348
716857
729259
728061
732056
675554
718022
712362
733488
654774
733413
557672
729049
732403
717059
651664
721915
723862
708453
697533
682637
721920
703853
722382
714293
720716
679519
703847
723365
703631
721260
703629
710765
710757
717031
642598
703848
679568
708427
702165
579352
714568
654809
710764
694131
644180
710749
713915
712003
679543
169080
703840
690594
664406
24965
703634
702463
696593
699413
701699
670131
686911
651665
677753
700327
400742
25613
692510
668103
693445
687610
659934
675559
243315
310616
626949
690502
686885
651675
548870
578109
680193
665174
685989
682222
654331
682803
646359
81482
61731
670146
669360
617882
669357
669358
675556
655747
517252
551650
511447
666516
667010
647948
658823
666673
22045
51007
655277
662898
657934
632344
612767
497180
652466
644182
629055
528785
643607
641580
651670
374973
652403
502673
316914
616238
613076
644117
471283
537990
622647
608258
616883
635187
609477
604146
631780
325631
551647
409630
622639
622638
579414
602925
563787
530311
590252
521504
578106
597593
604147
481793
89097
563786
528784
423377
325630
332797
574303
297796
546622
520599
478262
259893
511454
460689
337962
226807
55143
72497
387518
243316
520598
414612
403631
24530
500945
499334
498158
254132
251575
113119
490549
112931
400735
440447
440437
440439
164320
260510
317365
400738
258207
206149
160461
374970
308801
140444
258206
409100
268859
395444
26671
317362
169081
358286
350217
300957
308751
205528
183558
51006
63453
301377
150387
277235
274400
68684
312979
206146
188199
186814
147175
163295
137710
23182
148975
63454
150389
142910
78805
92106
113121
112933
25898
132459
58293
26107
72498
70920
69297
26074
26216
67340
62251
66913
69113
26458
26114
26431
55120
22896
26473
26460
25897
26456
15441
26440
26101
50422
22043
26144
25050
25714
22052
25517
24525
24777
22037
23183
22090
20762
22073
15938
15569